0.
0.011883752992920577
0.023766317620444954
0.03564650563601249
0.04752312903072174
0.0593950001521304
0.07126093182301951
0.08311973746011024
0.09497023119272117
0.10681122798135441
0.11864154373619859
0.13045999543553677
0.1422654012440477
0.15405658063098832
0.16583235448824593
0.17759154524824783
0.18933297700171742
0.20105547561526377
0.21275786884879425
0.2244389864727375
0.23609766038506533
0.24773272472810204
0.25934301600510923
0.27092737319663435
0.2824846378766118
0.2940136543282048
0.3055132696593755
0.31698233391817376
0.32841970020773126
0.33982422480095015
0.35119476725487486
0.36253019052473545
0.3738293610776511
0.38509114900598235
0.3963144281403212
0.4074980761621069
0.4186409747158571
0.429742009521002
0.44080007048331193
0.45181405180590567
0.4627828520998294
0.4737053744941941
0.4845805267458625
0.4954072213486722
0.506184375642185
0.5169109119199524
0.5275857575372855
0.5382078450185183
0.5487761121637541
0.5592895021550855
0.5697469636622746
0.5801474509478849
0.590489923971855
0.6007733484955011
0.6109966961849406
0.6211589447139239
0.6312590778660663
0.6412960856364696
0.651268964332721
0.6611767166752615
0.6710183518971131
0.680792885842955
0.6904993410675383
0.700136746933429
0.7097041397080718
0.7192005626601617
0.7286250661553175
0.7379767077510434
0.7472545522909727
0.7564576719983828
0.7655851465689725
0.7746360632628907
0.7836095169960106
0.7925046104304366
0.8013204540642379
0.8100561663203976
0.8187108736349697
0.8272837105444353
0.8357738197722472
0.8441803523145576
0.8525024675251179
0.8607393331993421
0.8688901256575265
0.8769540298272182
0.8849302393247196
0.8928179565357279
0.9006163926950952
0.908324767965704
0.9159423115164512
0.9234682615993294
0.930901865625602
0.938242380241061
0.9454890714003619
0.9526412144404277
0.9596980941529144
0.9666590048557318
0.9735232504636099
0.9802901445577084
0.9869590104542568
0.9935291812722229
1.