0.004753567746908165
0.009488045722380293
0.01422237310136097
0.01895647473949344
0.023690275496003957
0.02842370023489445
0.033156673826135075
0.03788912114685671
0.042620967082543336
0.04735213652822426
0.05208255438966615
0.056812145584565064
0.06154083504373807
0.0662685477123148
0.07099520855092874
0.07572074253690825
0.08044507466546738
0.08516812995089637
0.08988983342775174
0.09461011015204632
0.09932888520243861
0.10404608368142208
0.10876163071651392
0.11347545146144339
0.11818747109733985
0.12289761483392031
0.12760580791067644
0.1323119755980613
0.13701604319867533
0.14171793604845218
0.14641757951784345
0.15111489901300362
0.15580981997697377
0.160502267890865
0.1651921682750413
0.16987944669030156
0.17456402873906127
0.1792458400665332
0.18392480636190783
0.18860085335953244
0.19327390684009021
0.19794389263177806
0.2026107366114841
0.20727436470596386
0.21193470289301633
0.21659167720265854
0.2212452137182999
0.2258952385779151
0.23054167797521688
0.23518445816082723
0.23982350544344785
0.2444587461910301
0.24909010683194358
0.2537175138561438
0.2583408938163389
0.2629601733291557
0.2675752790763042
0.27218613780574147
0.27679267633283405
0.28139482154151996
0.285992500385469
0.29058563988924185
0.29517416714944905
0.29975800933590757
0.304337093692797
0.30891134753981436
0.3134806982733275
0.31804507336752774
0.3226044003755811
0.3271586069307777
0.33170762074768084
0.3362513696232743
0.34078978143810795
0.3453227841574429
0.34985030583239496
0.35437227460107584
0.3588886186897347
0.36339926641389664
0.3679041461795012
0.37240318648403786
0.3768963159176817
0.38138346316442634
0.3858645570032163
0.3903395263090771
0.3948083000542441
0.3992708073092903
0.403726977244252
0.4081767391297525
0.41262002233812567
0.4170567563445361
0.42148687072809893
0.42591029517299767
0.4303269594696
0.43473679351557226
0.43913972731699197
0.44353569098945933
0.4479246147592057
0.45230642896420176
0.4566810640552625
0.46104845059715177
0.46540851926968413
0.46976120086882484
0.4741064263077886
0.4784441266181362
0.4827742329508689
0.4870966765775213
0.4914113888912526
0.49571830140793466
0.5000173457672401
0.5043084537337263
0.5085915571979196
0.5128665881773948
0.5171334788178559
0.5213921613942116
0.5256425683116515
0.5298846321067179
0.5341182854483776
0.5383434611390895
0.5425600921158724
0.5467681114513684
0.5509674523549056
0.5551580481735583
0.5593398323932051
0.5635127386395838
0.5676767006793461
0.5718316524211078
0.5759775279164984
0.5801142613612076
0.5842417870960303
0.5883600396079078
0.5924689535309687
0.5965684636475654
0.6006585048893097
0.6047390123381063
0.6088099212271817
0.6128711669421134
0.616922685021855
0.6209644111597595
0.6249962812045997
0.629018231161587
0.6330301971933859
0.6370321156211292
0.6410239229254269
0.6450055557473756
0.6489769508895634
0.652938045317073
0.6568887761584832
0.6608290807068653
0.6647588964207798
0.6686781609252679
0.6725868120128424
0.6764847876444748
0.6803720259505797
0.6842484652319971
0.688114043960972
0.6919687007821302
0.6958123745134529
0.6996450041472473
0.7034665288511149
0.7072768879689179
0.7110760210217407
0.7148638677088508
0.7186403679086553
0.7224054616796556
0.7261590892613985
0.729901191075425
0.7336317077262156
0.7373505800021332
0.7410577488763634
0.7447531555078503
0.7484367412422316
0.7521084476127687
0.7557682163412754
0.7594159893390424
0.7630517087077592
0.7666753167404338
0.7702867559223078
0.7738859689317696
0.7774728986412649
0.7810474881182021
0.7846096806258571
0.7881594196242733
0.7916966487711589
0.7952213119227819
0.7987333531348604
0.8022327166634506
0.8057193469658326
0.8091931887013907
0.8126541867324923
0.8161022861253638
0.8195374321509608
0.8229595702858385
0.8263686462130163
0.82976460582284
0.8331473952138402
0.836516960693589
0.8398732487795514
0.8432162061999338
0.8465457798945304
0.8498619170155653
0.8531645649285308
0.8564536712130231
0.8597291836635739
0.8629910502904801
0.8662392193206282
0.8694736391983158
0.8726942585860706
0.8759010263654646
0.8790938916379264
0.8822728037255475
0.8854377121718889
0.8885885667427793
0.8917253174271148
0.8948479144376513
0.8979563082117953
0.9010504494123902
0.9041302889284998
0.9071957778761875
0.9102468675992924
0.9132835096702012
0.9163056558906176
0.9193132582923264
0.9223062691379553
0.925284640921733
0.9282483263702427
0.9311972784431722
0.9341314503340615
0.9370507954710446
0.9399552675175894
0.9428448203732331
0.9457194081743138
0.948578985294698
0.951423506346506
0.954252926180831
0.9570671998884567
0.9598662828005691
0.9626501304894665
0.9654186987692644
0.9681719436965963
0.9709098215713116
0.9736322889371694
0.9763393025825277
0.9790308195410298
0.9817067970922861
0.984367192762552
0.9870119643254023
0.9896410698024011
0.9922544674637683
0.9948521158290423
0.9974339736677376
1.