-4.203113
-4.218820
-4.234504
-4.250164
-4.265798
-4.281408
-4.296992
-4.312550
-4.328082
-4.343587
-4.359066
-4.374517
-4.389940
-4.405336
-4.420704
-4.436043
-4.451353
-4.466633
-4.481885
-4.497106
-4.512297
-4.527458
-4.542588
-4.557686
-4.572754
-4.587789
-4.602793
-4.617764
-4.632702
-4.647608
-4.662480
-4.677319
-4.692123
-4.706894
-4.721630
-4.736332
-4.750999
-4.765630
-4.780226
-4.794786
-4.809309
-4.823797
-4.838248
-4.852662
-4.867038
-4.881377
-4.895679
-4.909942
-4.924168
-4.938354
-4.952502
-4.966611
-4.980681
-4.994711
-5.008701
-5.022652
-5.036562
-5.050431
-5.064260
-5.078048
-5.091794
-5.105499
-5.119163
-5.132784
-5.146363
-5.159900
-5.173394
-5.186845
-5.200253
-5.213618
-5.226939
-5.240216
-5.253450
-5.266639
-5.279783
-5.292883
-5.305938
-5.318948
-5.331913
-5.344832
-5.357706
-5.370533
-5.383315
-5.396050
-5.408738
-5.421380
-5.897108
-5.907621
-5.918078
-5.928482
-5.938831
-5.949125
-5.959364
-5.969548
-5.979677
-5.989751
-5.999769
-6.009732
-6.019639
-6.029491
-6.039286
-6.049025
-6.058708
-6.068334
-6.077904
-6.087418
-6.096874
-6.106274
-6.115616
-6.124902
-6.134130
-6.143301
-6.152414
-6.161469
-6.170467
-6.179406
-6.188288
-6.197112
-6.205877
-6.214584
-6.223232
-6.231822
-6.240352
-6.248825
-6.257238
-6.265592
-6.273886
-6.282122
-6.290298
-6.298414
-6.306471
-6.314468
-6.322406
-6.330283
-6.338100
-6.345857
-6.353554
-6.361190
-6.368766
-6.376282
-6.383736
-6.391130
-6.398463
-6.405736
-6.412947
-6.420096
-6.427185
-6.434212
-6.441178
-6.448083
-6.454926
-6.461707
-6.468426
-6.475083
-6.481679
-6.488212
-6.494683
-6.501092
-6.507439
-6.513724
-6.519945
-6.526105
-6.532202
-6.538236
-6.544207
-6.550115
-6.555961
-6.561743
-6.567463
-6.573119
-6.578712
-6.584241
-6.589708
-6.595111
-6.600450
-6.605726
-6.610938
-6.616086
-6.621171
-6.626192
-6.631149
-6.636042
-6.640870
-6.645635
-6.650336
-6.654972
-6.659544
-6.664052
-6.668495
-6.672874
-6.677189
-6.681438
-6.685624
-6.689744
-6.693800
-6.697791
-6.701717
-6.705578
-6.709374
-6.713106
-6.716772
-6.720373
-6.723909
-6.727380
-6.730786
-6.734126
-6.737401
-6.740611
-6.743755
-6.746834
-6.749848
-6.752796
-6.755678
-6.758495
-6.761246
-6.763931
-6.766551
-6.769105
-6.771593
-6.774015
-6.776372
-6.778663
-6.780887
-6.783046
-6.785139
-6.787166
-6.789127
-6.791021
-6.792850
-6.794613
-6.796309
-6.797939
-6.799503
-6.801001
-6.802433
-6.803798
-6.805097
-6.806330
-6.807497
-6.808597
-6.809631
-6.810598
-6.811499
-6.812334
-6.813102
-6.813804
-6.814440
-6.815009
-6.815511
-6.815947
-6.816317
-6.816620
-6.816856
-6.817026
-6.817130
-6.817167
-6.817137
-6.817041
-6.816879
-6.816649
-6.816354
-6.815991
-6.815563
-6.815067
-6.814505
-6.813877
-6.813182
-6.812420
-6.811592
-6.810697
-6.809736
-6.808708
-6.807614
-6.806453
-6.805225
-6.803932
-6.802571
-6.801144
-6.799651
-6.798091
-6.796465
-6.794772
-6.793013
-6.791187
-6.789295
-6.787337
-6.785312
-6.783221
-6.781063
-6.778839
-6.776549
-6.774193
-6.771770
-6.769281
-6.766726
-6.764104
-6.761417
-6.758663
-6.755843
-6.752957
-6.750005
-6.746987
-6.743903
-6.740752
-6.737536
-6.734254
-6.730906
-6.727492
-6.724012
-6.720467
-6.716855
-6.713178
-6.709435
-6.705626
-6.701752
-6.697812
-6.693807
-6.689735
-6.685599
-6.681397
-6.677129
-6.672796
-6.668398
-6.663935
-6.659406
-6.654812
-6.650152
-6.645428
-6.640639
-6.635784
-6.630864
-6.625880
-6.620831
-6.615716
-6.610537
-6.605293
-6.599985
-6.594611
-6.589174
-6.583671
-6.578104
-6.572473
-6.566777
-6.561017
-6.555192
-6.549304
-6.543351
-6.537334
-6.531253
-6.525108
-6.518899
-6.512626
-6.506289
-6.499889
-6.493424
-6.486897
-6.480305
-6.473650
-6.466932
-6.460150
-6.453305
-6.446397
-6.439425
-6.432391
-6.425293
-6.418132
-6.410909
-6.403622
-6.396273
-6.388861
-6.381387
-6.373850
-6.366250
-6.358588
-6.350864
-6.343078
-6.335229
-6.327318
-6.319345
-6.311311
-6.303214
-6.295056
-6.286835
-6.278554
-6.270210
-6.261806
-6.253339
-6.244812
-6.236223
-6.227574
-6.218863
-6.210091
-6.201258
-6.192365
-6.183411
-6.174396
-6.165321
-6.156185
-6.146989
-6.137733
-6.128416
-6.119040
-6.109603
-6.100107
-6.090550
-6.080934
-6.071259
-6.061524
-6.051729
-6.041876
-6.031963
-6.021991
-6.011959
-6.001869
-5.991721
-5.981513
-5.971247
-5.960922
-5.950539
-5.940097
-5.929598
-5.919040
-5.908424
-5.897750
-5.887019
-5.876229
-5.865383
-5.854478
-5.843517
-5.832498
-5.821422
-5.810288
-5.799098
-5.787851
-5.776548
-5.765188
-5.753771
-5.742298
-5.730768
-5.719183
-5.707541
-5.695844
-5.684091
-5.672282
-5.660417
-5.648497
-5.636522
-5.624491
-5.612406
-5.600265
-5.588070
-5.575820
-5.563515
-5.551155
-5.538742
-5.526274
-5.513752
-5.501176
-5.488546
-5.475862
-5.463125
-5.450334
-5.437490
-5.424592
-5.411642
-5.398638
-5.385582
-5.372473
-5.359311
-5.346097
-5.332830
-5.319511
-5.306140
-5.292717
-5.279243
-5.265716
-5.252139
-5.238509
-5.224829
-5.211097
-5.197314
-5.183481
-5.169596
-5.155662
-5.141676
-5.127640
-5.113555
-5.099419
-5.085233
-5.070997
-5.056712
-5.042378
-5.027994
-5.013560
-4.999078
-4.984547
-4.969967
-4.955339
-4.940662
-4.925936
-4.911163
-4.896341
-4.881472
-4.866555
-4.851590
-4.836578
-4.821518
-4.806412
-4.791258
-4.776058
-4.760811
-4.745517
-4.730177
-4.714790
-4.699358
-4.683880
-4.668356
-4.652786
-4.637171
-4.621510
-4.605804
-4.590054
-4.574258
-4.558418
-4.542533
-4.526604
-4.510631
-4.494613
-4.478552
-4.462447
-4.446298
-4.430106
-4.413871
-4.397592
-4.381271
-4.364907
-4.348500
-4.332051
-4.315559
-4.299026
-4.282450
-4.265833
-4.249174
-4.232473
-4.215732
-4.198949
-4.182125
-4.165260
-4.148355
-4.131409
-4.114423
-4.097397
-4.080331
-4.063225
-4.046079
-4.028894
-4.011670
-3.994406
-3.977104
-3.959763
-3.942383
-3.924965
-3.907509
-3.890014
-3.872482
-3.854912
-3.837304
-3.819659
-3.801977
-3.784258
-3.766502
-3.748709
-3.730880
-3.713014
-3.695112
-3.677175
-3.659201
-3.641192
-3.623148
-3.605068
-3.586953
-3.568803
-3.550619
-3.532400
-3.514147
-3.495859
-3.477538
-3.459182
-3.440794
-3.422371
-3.403916
-3.385427
-3.366905
-3.348351
-3.329764
-3.311145
-3.292494
-3.273811
-3.255096
-3.236349
-3.217571
-3.198762
-3.179922
-3.161051
-3.142149
-3.123216
-3.104254
-3.085261
-3.066239
-3.047186
-3.028105
-3.008994
-2.989853
-2.970684
-2.951486
-2.932259
-2.913004
-2.893721
-2.874410
-2.855071
-2.835704
-2.816310
-2.796889
-2.777441
-2.757966
-2.738464
-2.718936
-2.699381
-2.679800
-2.660194
-2.640562
-2.620904
-2.601221
-2.581513
-2.561780
-2.542022
-2.522240
-2.502433
-2.482603
-2.462748
-2.442870
-2.422968
-2.403043
-2.383095
-2.363124
-2.343130
-2.323113
-2.303075
-2.283014
-2.262931
-2.242826
-2.222700
-2.202553
-2.182384
-2.162194
-2.141984
-2.121753
-2.101502
-2.081231
-2.060940
-2.040629
-2.020298
-1.999949
-1.979580
-1.959192
-1.938785
-1.918360
-1.897917
-1.877456
-1.856976
-1.836479
-1.815965
-1.795433
-1.774884
-1.754318
-1.733735
-1.713136
-1.692521
-1.671890
-1.651243
-1.630580
-1.609902
-1.589208
-1.568499
-1.547776
-1.527038
-1.506286
-1.485519
-1.464738
-1.443944
-1.423136
-1.402314
-1.381480
-1.360632
-1.339772
-1.318899
-1.298014
-1.277116
-1.256207
-1.235286
-1.214353
-1.193409
-1.172454
-1.151488
-1.130512
-1.109525
-1.088528
-1.067520
-1.046503
-1.025476
-1.004440
-0.983394
-0.962340
-0.941276
-0.920205
-0.899124
-0.878036
-0.856939
-0.835835
-0.814724
-0.793604
-0.772478
-0.751345
-0.730205
-0.709059
-0.687907
-0.666748
-0.645583
-0.624413
-0.603238
-0.582057
-0.560871
-0.539680
-0.518485
-0.497286
-0.476082
-0.454874
-0.433663
-0.412447
-0.391229
-0.370008
-0.348783
-0.327556
-0.306327
-0.285095
-0.263861
-0.242625
-0.221388
-0.200149
-0.178909
-0.157668
-0.136426
-0.115184
-0.093941
-0.072698
-0.051455
-0.030212
-0.008970
0.012271
0.033512
0.054751
0.075989
0.097226
0.118461
0.139694
0.160924
0.182153
0.203379
0.224601
0.245821
0.267038
0.288251
0.309461
0.330667
0.351868
0.373066
0.394259
0.415447
0.436630
0.457808
0.478981
0.500148
0.521310
0.542465
0.563615
0.584758
0.605894
0.627023
0.648146
0.669261
0.690369
0.711469
0.732562
0.753646
0.774722
0.795789
0.816848
0.837898
0.858938
0.879970
0.900991
0.922003
0.943006
0.963997
0.984979
1.005950
1.026910
1.047859
1.068797
1.089723
1.110638
1.131541
1.152432
1.173311
1.194177
1.215030
1.235871
1.256699
1.277513
1.298313
1.319100
1.339873
1.360632
1.381377
1.402107
1.422822
1.443522
1.464208
1.484877
1.505532
1.526170
1.546792
1.567399
1.587988
1.608561
1.629118
1.649657
1.670179
1.690684
1.711171
1.731640
1.752091
1.772524
1.792939
1.813335
1.833712
1.854069
1.874408
1.894727
1.915027
1.935306
1.955566
1.975805
1.996024
2.016222
2.036399
2.056555
2.076690
2.096803
2.116895
2.136965
2.157012
2.177037
2.197040
2.217020
2.236978
2.256912
2.276823
2.296710
2.316574
2.336414
2.356229
2.376021
2.395788
2.415530
2.435247
2.454940
2.474607
2.494248
2.513864
2.533454
2.553018
2.572556
2.592067
2.611552
2.631010
2.650440
2.669844
2.689220
2.708568
2.727889
2.747182
2.766446
2.785682
2.804890
2.824069
2.843218
2.862339
2.881430
2.900492
2.919524
2.938526
2.957498
2.976440
2.995351
3.014231
3.033081
3.051899
3.070687
3.089443
3.108167
3.126859
3.145520
3.164148
3.182744
3.201307
3.219838
3.238335
3.256800
3.275231
3.293629
3.311993
3.330323
3.348619
3.366881
3.385109
3.403302
3.421460
3.439583
3.457671
3.475724
3.493741
3.511723
3.529669
3.547578
3.565452
3.583289
3.601090
3.618853
3.636580
3.654270
3.671922
3.689537
3.707115
3.724654
3.742156
3.759619
3.777044
3.794430
3.811778
3.829087
3.846357
3.863588
3.880779
3.897930
3.915042
3.932114
3.949146
3.966138
3.275231
3.293629
3.311993
3.330323
3.348619
3.366881
3.385109
3.403302
3.421460
3.439583
3.457671
3.475724
3.493741
3.511723
3.529669
3.547578
3.565452
3.583289
3.601090
3.618853
3.636580
3.654270
3.671922
3.689537
3.707115
3.724654
3.742156
3.759619
3.777044
3.794430
3.811778
3.829087
3.846357
3.863588
3.880779
3.897930
3.915042
3.932114
3.949146
3.966138