0.002381549200128426
0.004758315940258145
0.007135063392696475
0.009511783082992711
0.011888463443094128
0.014265098040874528
0.016641677400380795
0.019018190193110022
0.02139462691374212
0.0237709780565466
0.026147234116277056
0.028523385587945038
0.030899422966985307
0.03327533674943599
0.03565111743160854
0.03802675551050112
0.04040224148369473
0.042777565849205536
0.04515271910593032
0.04752769175329544
0.0499024742915759
0.05227705722394627
0.05465143105520557
0.057025586290223924
0.059399513434014894
0.06177320299184129
0.06414664546932117
0.06651983137253373
0.06889275120812517
0.0712653954834147
0.07363775470650036
0.076009819386365
0.07838158003298215
0.08075302715742196
0.08312415127195708
0.08549494289016865
0.08786539252705212
0.09023549069912326
0.09260522792452391
0.09497459472312814
0.0973435816166479
0.09971217912873917
0.10208037778510769
0.10444816811361499
0.1068155406443842
0.10918248590990613
0.11154899444514499
0.11391505678689862
0.11628066346997143
0.11864580502989402
0.12101047200462853
0.12337465493455974
0.12573834436248332
0.1281015308335937
0.13046420489547209
0.13282635709807444
0.13518797799371962
0.1375490581370771
0.13990958808515527
0.14226955839728928
0.14462895963512898
0.14698778236262713
0.14934601714602722
0.15170365455385143
0.15406068515688884
0.15641709952818328
0.15877288824302138
0.16112804187892046
0.1634825510156167
0.16583640623505308
0.16818959812136727
0.17054211726087976
0.17289395424208182
0.17524509965562377
0.17759554409476455
0.17994527815665806
0.1822942924417304
0.18464257755348898
0.18699012409854196
0.18933692268661811
0.19168296393058637
0.1940282384464755
0.19637273685349366
0.1987164497740483
0.2010593678337655
0.2034014816615099
0.20574278188940417
0.2080832591528488
0.21042290409054168
0.21276170734449762
0.21509965956006835
0.21743675138596183
0.21977297347426214
0.22210831648044893
0.22444277106341728
0.2267763278854972
0.2291089776124734
0.23144071091360474
0.23377151846164423
0.23610139093285837
0.2384303190070511
0.24075829336788124
0.2430853047032201
0.24541134370489195
0.24773640106867123
0.2500604674943145
0.25238353368559174
0.2547055903503185
0.25702662820038685
0.2593466379517977
0.261665610324692
0.26398353604338276
0.26630040583638626
0.26861621043645406
0.2709309405806046
0.27324458701015447
0.2755571404707507
0.2778685917124019
0.2801789314895101
0.2824881505609024
0.2847962396898625
0.28710318964416265
0.28940899119609487
0.29171363512250287
0.29401711220481386
0.29631941322906963
0.29862052898595887
0.30092045027084763
0.303219167883823
0.3055166726298167
0.30781295531868047
0.3101080067652183
0.3124018177892168
0.3146943792154759
0.3169856818738401
0.31927571659922876
0.3215644742316671
0.323851945616317
0.3261381216035077
0.32842299304876643
0.3307065508128495
0.3329887857617729
0.33526968876684304
0.33754925070468766
0.33982746245728646
0.342104314912002
0.3443797989616103
0.34665390550433184
0.34892662544386216
0.35119794968940266
0.3534678691556916
0.35573637476303444
0.3580034574373351
0.3602691081101263
0.36253331771859315
0.36479607720559637
0.36705737751984147
0.3693172096159583
0.37157556445453027
0.3738324330021223
0.37608780623130966
0.37834167512070627
0.3805940306549929
0.38284486382494637
0.38509416562746723
0.3873419270656087
0.3895881391486049
0.3918327928918994
0.3940758793171737
0.39631738945237555
0.3985573143317477
0.40079564499585607
0.40303237249161833
0.4052674878723325
0.4075009821977051
0.40973284653387987
0.4119630719534662
0.4141916495355673
0.4164185703658092
0.4186438255363688
0.4208674061460024
0.42308930329985395
0.425309508108994
0.42752801169124915
0.42974480517144104
0.43195987968141325
0.4341732263600584
0.43638483635334463
0.438594700814343
0.44080281090325407
0.443009157787435
0.44521373264142633
0.4474165266469788
0.44961753099308066
0.4518167368759841
0.45401413549923264
0.4562097180736875
0.4584034758175549
0.4605953999564131
0.4627854817232386
0.4649737123584339
0.4671600831098539
0.4693445852328331
0.47152720999021225
0.4737079486523652
0.4758867924972264
0.47806373281031694
0.4802387608847722
0.48241186802136843
0.48458304552854964
0.4867522847224547
0.488919576926944
0.4910849134736266
0.49324828570188695
0.49540968495891186
0.49756910259971754
0.49972652998717637
0.5018819584920438
0.5040353794929854
0.5061867843766035
0.5083361645374646
0.5104835113781255
0.5126288163091611
0.5147720707491907
0.5169132661249052
0.5190523938710936
0.5211894454306706
0.5233244122547028
0.5254572858024364
0.5275880575413231
0.5297167189470479
0.5318432615037951
0.5339676767050044
0.5360899560528528
0.538210091058099
0.5403280732401149
0.5424438941269176
0.5445575452552011
0.5466690181703677
0.5487783044265606
0.5508853955866942
0.5529902832224877
0.5550929589144948
0.5571934142521373
0.5592916408337356
0.5613876302665408
0.5634813741667666
0.565572864159621
0.5676620918793379
0.5697490489692087
0.5718337270816148
0.5739161178780579
0.5759962130291935
0.5780740042148609
0.5801494831241166
0.5822226414552648
0.5842934709158896
0.5863619632228866
0.588428110102495
0.590491903290329
0.5925533345314092
0.5946123955801957
0.596669078200618
0.5987233741661079
0.6007752752596311
0.6028247732737188
0.6048718600104993
0.6069165272817298
0.6089587669088289
0.6109985707229066
0.6130359305647979
0.6150708382850936
0.6171032857441717
0.6191332648122304
0.6211607673693184
0.6231857853053677
0.6252083105202246
0.6272283349236819
0.6292458504355107
0.6312608489854917
0.6332733225134474
0.6352832629693026
0.6372906623132145
0.6392955125155481
0.6412978055568859
0.6432975334280581
0.6452946881301735
0.6472892616746502
0.6492812460832456
0.6512706333880871
0.653257415631703
0.655241584867053
0.657223133157558
0.6592020525771316
0.6611783352102102
0.6631519731517834
0.6651229585074253
0.6670912833933236
0.669056939936312
0.6710199202738991
0.6729802165542997
0.6749378209364659
0.6768927255901162
0.6788449226957673
0.6807944044447642
0.6827411630393109
0.6846851906925004
0.6866264796283459
0.6885650220818114
0.6905008102988414
0.6924338365363923
0.6943640930624626
0.6962915721561238
0.69821626610755
0.7001381672180496
0.7020572678000951
0.7039735601773539
0.7058870366847192
0.7077976896683394
0.7097055114856503
0.7116104945054039
0.7135126311077008
0.7154119136840188
0.7173083346372449
0.7192018863817055
0.7210925613431962
0.7229803519590138
0.7248652506779851
0.7267472499604991
0.7286263422785364
0.7305025201156999
0.732375775967129
0.7342461023392459
0.7361134917501774
0.737977936729888
0.739839429820206
0.7416979635748482
0.743553530559445
0.7454061233515668
0.7472557345407476
0.7491023567285118
0.7509459825283985
0.7527866045659872
0.7546242154789229
0.7564588079169413
0.7582903745418945
0.7601189080277757
0.761944401060745
0.7637668463391541
0.7655862365735722
0.7674025644868103
0.7692158228139482
0.7710260043023577
0.7728331017117291
0.7746371078140967
0.7764380153938628
0.7782358172478246
0.780030506185198
0.7818220750276439
0.7836105166092927
0.7853958237767702
0.7871779893892226
0.7889570063183416
0.7907328674483902
0.7925055656762272
0.7942750939113332
0.7960414450758355
0.7978046121045332
0.7995645879449231
0.8013213655572242
0.8030749379144035
0.804825298002201
0.8065724388191555
0.8083163533766289
0.8100570346988321
0.8117944758228505
0.8135286697986687
0.8152596096891962
0.8169872885702923
0.8187116995307918
0.8204328356725299
0.8221506901103632
0.8238652559722441
0.8255765263993546
0.827284494546147
0.8289891535803655
0.8306904966830704
0.8323885170486595
0.8340832078848923
0.8357745624129116
0.8374625738672667
0.839147235495937
0.8408285405603529
0.842506482335421
0.8441810541095448
0.8458522491846489
0.8475200608762008
0.8491844825132345
0.8508455074383731
0.8525031290078507
0.854157340591537
0.8558081355729583
0.8574555073493213
0.8590994493315357
0.8607399549442367
0.8623770176258084
0.864010630828406
0.8656407880179788
0.8672674826742933
0.8688907082909555
0.870510458375434
0.8721267264490826
0.8737395060471635
0.8753487907188695
0.8769545740273476
0.8785568495497206
0.8801556108771114
0.8817508516146643
0.883342565381569
0.8849307458110828
0.8865153865505534
0.8880964812614418
0.8896740236193451
0.8912480073140197
0.8928184260494029
0.8943852735436372
0.895948543529092
0.897508229752387
0.8990643259744147
0.9006168259703631
0.9021657235297391
0.9037110124566298
0.9052526865703602
0.9067907397048119
0.9083251657082455
0.9098559584433302
0.9113831117871761
0.9129066196313642
0.9144264758819782
0.9159426744596348
0.9174552092995155
0.9189640743513967
0.9204692635796817
0.9219707709634306
0.9234685904963926
0.9249627161870358
0.926453142058579
0.9279398621490224
0.9294228705111783
0.9309021612127034
0.9323777283361278
0.9338495659788878
0.9353176682533558
0.9367820292868723
0.9382426432217754
0.9396995042154338
0.941152606440276
0.9426019440838221
0.9440475113487153
0.945489302452752
0.9469273116289131
0.9483615331253952
0.9497919612056418
0.9512185901483737
0.9526414142476205
0.9540604278127204
0.9554756251677052
0.9568870006513349
0.9582945486177332
0.9596982634364308
0.96109813949238
0.96249417118597
0.9638863529330435
0.9652746791649104
0.9666591443283648
0.9680397428856993
0.9694164693147211
0.9707893181087672
0.9721582837767193
0.9735233608430204
0.9748845438476887
0.9762418273463349
0.9775952059101753
0.9789446741260497
0.9802902265964344
0.9816318579394597
0.9829695627889241
0.98430333579431
0.985633171620799
0.9869590649492876
0.9882810104764029
0.989599002914517
0.9909130369917631
0.9922231074520513
0.9935292090550829
0.994831336576367
0.996129484807235
0.9974236485548568
0.9987138226422554
1.000000001908323